1, 
 0.16666666666666666, -0.03333333333333333,  0.02380952380952380,
-0.03333333333333333,  0.07575757575757575, -0.25311355311355311,
 1.16666666666666666, -7.09215686274509803, 54.97117794486215538,
-529.124242424242424, 6192.123188405797101, -86580.2531135531135,
1425517.166666666666, -27298231.067816094,  601580873.9006424,
-15116315767.092157, 429614643061.1667, -13711655205088.332, 
488332318973593.2, -1.9296579341940068e+16, 8.416930475736826e+17,
-4.0338071854059454e+19, 2.1150748638081993e+21, -1.2086626522296526e+23,
7.500866746076964e+24
